fov_x=69.84297730833259
fov_y=55.29643388017946
sensor_width_pixels=640
sensor_height_pixels=480
fx_pixels=458.34281380837734
fy_pixels=458.1382107354837
fx_mm=1273.174482801048
fy_mm=1908.9092113978488
