fov_x=48.909648577087474
fov_y=37.68234201250166
sensor_width_pixels=640
sensor_height_pixels=480
fx_pixels=703.6456202716691
fy_pixels=703.3383155561866
fx_mm=1954.5711674213032
fy_mm=2930.576314817444
